1000.000 0.100 30
127.442 480.258 522.130 0.000 0.000 0.000 999998549105418043392.000
697.607 134.267 844.338 0.000 0.000 0.000 999999283472652828672.000
98.979 160.588 395.722 0.000 0.000 0.000 999999262977997799424.000
667.103 576.250 437.601 0.000 0.000 0.000 999999691426008137728.000
286.766 270.795 874.236 0.000 0.000 0.000 999999997697862270976.000
592.140 52.459 729.634 0.000 0.000 0.000 999999273846288154624.000
344.996 305.444 514.926 0.000 0.000 0.000 999999520380989079552.000
806.683 20.088 644.705 0.000 0.000 0.000 999999279629527547904.000
632.429 157.995 442.875 0.000 0.000 0.000 999999404682115678208.000
710.763 433.875 943.198 0.000 0.000 0.000 1000000784984410292224.000
652.531 460.301 378.663 0.000 0.000 0.000 999999765014661824512.000
934.441 945.417 891.804 0.000 0.000 0.000 999998446067086524416.000
129.950 767.711 888.040 0.000 0.000 0.000 999998132653745111040.000
495.270 916.070 725.483 0.000 0.000 0.000 999998411681328529408.000
150.903 897.976 356.831 0.000 0.000 0.000 1000000422479742500864.000
61.911 576.931 255.286 0.000 0.000 0.000 1000000586742171435008.000
306.337 522.245 224.373 0.000 0.000 0.000 999999863006072143872.000
723.301 759.888 61.537 0.000 0.000 0.000 1000000772506176192512.000
832.211 57.723 249.577 0.000 0.000 0.000 1000000224090319486976.000
875.499 16.011 53.153 0.000 0.000 0.000 999999414897415290880.000
473.863 703.908 947.542 0.000 0.000 0.000 999999004590439530496.000
160.202 452.586 818.907 0.000 0.000 0.000 1000001670557199630336.000
828.605 115.444 325.411 0.000 0.000 0.000 1000000296414408474624.000
394.491 862.591 660.860 0.000 0.000 0.000 999999048437260746752.000
60.290 658.772 728.834 0.000 0.000 0.000 1000000983855567470592.000
481.211 71.669 323.850 0.000 0.000 0.000 1000001428376318377984.000
429.887 479.525 264.268 0.000 0.000 0.000 1000000411298198192128.000
595.901 3.778 188.085 0.000 0.000 0.000 1000000324202564681728.000
730.475 264.539 785.899 0.000 0.000 0.000 1000001354475278434304.000
45.172 944.419 651.967 0.000 0.000 0.000 1000001894859841470464.000
