num_objects: 1000, num_iterations: 50
0.039978335
0.030038814
0.029828368
0.028982842
0.029671405
0.028995844
0.029985912
0.029365089
0.028771690
0.029833847
0.029738679
0.029083313
0.030334286
0.029414413
0.029347478
0.029142170
0.028735353
0.030406187
0.029575544
0.029778755
0.029470021
0.029360829
0.028883323
0.029337167
0.028786546
0.029137443
0.030216410
0.029147715
0.029016071
0.029455133
0.029389452
0.029333835
0.028594192
0.029637837
0.029049153
0.029428262
0.028683548
0.029479347
0.030083375
0.029157636
0.029197171
0.029201570
0.028582924
0.029614423
0.029559074
0.029435975
0.030201711
0.029473661
0.029124053
0.029159865
0.029031725
0.028772693
0.029633380
0.029091802
0.029385236
0.029080921
0.030685262
0.029474358
0.029639010
0.028943438
0.029787980
0.029055025
0.028917797
0.029496551
0.029821644
0.029166935
0.029561524
0.028960155
0.028910439
0.029178205
0.029389658
0.030157135
0.028926574
0.029651367
0.029492894
0.030610283
0.030219509
0.029781728
0.029417238
0.029480740
num_objects: 1000, num_iterations: 100
0.040763819
0.040490390
0.040285203
0.040172322
0.040896435
0.040187913
0.040336219
0.040313812
0.041198214
0.040557479
0.040131364
0.040088652
0.041056617
0.040281408
0.041156616
0.040094081
0.040986345
0.042952175
0.040438932
0.039516684
0.040659362
0.041176372
0.041329593
0.040810238
0.039873799
0.040068033
0.040155722
0.040114831
0.040685808
0.040409107
0.040230348
0.040764925
0.041214124
0.040778954
0.050368362
0.040332330
0.041840400
0.041440242
0.040870216
0.039771968
0.040142273
0.039938867
0.040234585
0.042107374
0.039570292
0.040201111
0.040891636
0.039836638
0.040664513
0.041315430
0.041270348
0.040312331
0.040986128
0.040099627
0.040339355
0.040104838
0.040805689
0.041061153
0.040107669
0.040913115
0.040243601
0.040421391
0.040907369
0.040170914
0.040538243
0.040852236
0.039801979
0.040953519
0.045010474
0.040366917
0.040408539
0.040862602
0.040126446
0.040689000
0.041130146
0.040937061
0.041482594
0.040152859
0.040329408
0.040703890
num_objects: 1000, num_iterations: 200
0.063397361
0.062371689
0.062840617
0.063035293
0.062349066
0.064055813
0.062348492
0.063862769
0.064955649
0.063617234
0.062226107
0.062851173
0.061729695
0.063386589
0.062345720
0.063934957
0.061599664
0.063687506
0.062714379
0.065090893
0.061751434
0.063616796
0.063045821
0.062938725
0.062719590
0.063769380
0.064868289
0.066581646
0.066788664
0.065031950
0.065100008
0.064423384
0.063858842
0.064116927
0.064703755
0.065819571
0.063400385
0.063268101
0.062652075
0.063309244
0.063125798
0.064488860
0.063339338
0.063338917
0.062083851
0.063632660
0.063313634
0.065102689
0.062800031
0.063021525
0.062978474
0.063454695
0.064120550
0.064120888
0.063761074
0.063570773
0.062682565
0.063070523
0.065307131
0.062637373
0.062581893
0.062946457
0.063383563
0.064180282
0.066073803
0.064124574
0.063190222
0.064051331
0.062294871
0.064245483
0.065659239
0.063545757
0.062281173
0.063603287
0.062271463
0.064065050
0.064928495
0.064074595
0.063661547
0.063606874
num_objects: 2000, num_iterations: 50
0.111963527
0.111977534
0.112609912
0.108842690
0.113960957
0.114362612
0.132742046
0.144434165
0.120664004
0.131256930
0.111886084
0.119219916
0.115159961
0.114600368
0.125074787
0.136694092
0.111354705
0.129672944
0.111873960
0.131826195
0.112015689
0.112697876
0.129870217
0.112010878
0.119161605
0.111802493
0.118864042
0.111600817
0.113142812
0.113011711
0.112008881
0.111523987
0.118120295
0.113642295
0.112914568
0.130184098
0.112831571
0.111945250
0.130309717
0.110707987
0.114530238
0.120954227
0.146654513
0.124266250
0.132394588
0.113717645
0.115467164
0.112108846
0.111467277
0.113983457
0.113277140
0.110702683
0.116460426
0.116597697
0.116161565
0.118041571
0.114479543
0.113731061
0.113670056
0.112487828
0.116272715
0.114877963
0.112602050
0.126094491
0.132968145
0.115291844
0.111983779
0.120352828
0.121237672
0.113522454
0.113591531
0.131408248
0.115892185
0.130211011
0.113713755
0.115609330
0.114177730
0.112165797
0.111643973
0.118947524
num_objects: 2000, num_iterations: 100
0.173105712
0.167743520
0.165474271
0.163566543
0.169484576
0.172378821
0.168843780
0.171161702
0.166289543
0.161832557
0.163755401
0.164952524
0.166861825
0.165350646
0.162921273
0.159720156
0.160614226
0.162338374
0.163746589
0.164020505
0.163380239
0.160584945
0.164882778
0.162653103
0.160032496
0.164862981
0.161906164
0.163147782
0.166379362
0.163280922
0.164332567
0.161718364
0.162332208
0.171269415
0.168816252
0.168004597
0.163845859
0.159061226
0.161199017
0.175314188
0.166177484
0.172663603
0.161856127
0.162313440
0.170468498
0.164511229
0.168453152
0.170359981
0.165067569
0.168139286
0.165713875
0.168296401
0.167195085
0.166518954
0.161811200
0.163657344
0.160473596
0.158047297
0.160428720
0.161184412
0.159839990
0.160386838
0.160293186
0.162392721
0.191572943
0.173292342
0.172999979
0.185229511
0.184195739
0.170077040
0.189488046
0.161556915
0.181447427
0.170061574
0.192238755
0.165601221
0.169422056
0.162918175
0.164397251
0.188400506
num_objects: 2000, num_iterations: 200
0.260353899
0.264990376
0.269228377
0.257256169
0.262540700
0.263521404
0.295245346
0.263048921
0.256861954
0.294799597
0.258888315
0.269197107
0.258306868
0.260470143
0.258429754
0.258797785
0.258165179
0.258937532
0.257473582
0.259117815
0.260922536
0.263014396
0.259927743
0.260499413
0.260514251
0.258663536
0.260926403
0.259402668
0.262550755
0.256159615
0.259709389
0.260403086
0.262844501
0.261719215
0.262757405
0.302137859
0.258544159
0.262969829
0.269862809
0.262477101
0.275124873
0.262911333
0.263950439
0.259770666
0.260005637
0.266792719
0.264457525
0.272829414
0.260294093
0.261924407
0.269003547
0.306369253
0.259420294
0.258018029
0.266746610
0.258981556
0.258542049
0.264427430
0.265953342
0.260295872
0.257892047
0.259967640
0.272959654
0.275584552
0.260637260
0.266561515
0.263028934
0.261235567
0.265363771
0.309345975
0.266678309
0.278340628
0.265507566
0.269436926
0.263901027
0.266244987
0.265172696
0.270166496
0.265309819
0.267214341
num_objects: 4000, num_iterations: 50
0.484794439
0.474905573
0.473348684
0.474632490
0.466194004
0.470104017
0.469910170
0.473814308
0.466582714
0.467812861
0.493150787
0.492551874
0.480563419
0.481930289
0.471733158
0.468933563
0.480378029
0.469737050
0.473532870
0.469793933
0.465268525
0.468894557
0.481401221
0.483732442
0.474019295
0.471225012
0.476715614
0.470341599
0.472633736
0.514761240
0.473502526
0.471128067
0.477714451
0.470096100
0.485339358
0.477016434
0.466268924
0.473266520
0.479700496
0.472424016
0.470682749
0.466482705
0.475938636
0.479058495
0.479082422
0.474659875
0.475533646
0.472399042
0.461059875
0.469117887
0.480780385
0.474956122
0.481089583
0.471044643
0.482505920
0.468961114
0.457598353
0.472636824
0.473190497
0.472341066
0.460202194
0.466898492
0.466236304
0.466939556
0.467537795
0.463422865
0.466809435
0.465177485
0.467632039
0.465901347
0.467404409
0.460049749
0.468983755
0.467249702
0.485012485
0.514680382
0.474864895
0.472259103
0.468987580
0.468359791
num_objects: 4000, num_iterations: 100
0.690993793
0.684635946
0.680608566
0.681426440
0.683982745
0.686101729
0.686902049
0.708381531
0.689119651
0.692051049
0.677635757
0.689232393
0.683931309
0.675681466
0.687082917
0.687076362
0.680818548
0.674125396
0.689008983
0.692515237
0.680537647
0.680025330
0.682473406
0.682039357
0.676428646
0.674111065
0.686626961
0.676666666
0.681095828
0.676065372
0.677440834
0.674009507
0.669236749
0.677661491
0.684470109
0.675688661
0.682352409
0.678193944
0.682840254
0.678227936
0.675543761
0.686993783
0.673498221
0.682754681
0.675445621
0.686058316
0.682802349
0.683876189
0.710053328
0.680855464
0.704854643
0.675053797
0.733404228
0.699289785
0.688175389
0.673174691
0.668545157
0.677955198
0.682903171
0.681736599
0.674886747
0.670017322
0.687325778
0.695972049
0.678884097
0.680172793
0.692945212
0.784242787
0.717068637
0.731932905
0.748937747
0.683488036
0.667592517
0.680716071
0.728843380
0.682059879
0.697117987
0.674337096
0.710564032
0.695989472
num_objects: 4000, num_iterations: 200
1.143513673
1.122769052
1.110886471
1.183617971
1.137292984
1.076590245
1.060358852
1.052252052
1.059187927
1.059329639
1.055414075
1.057754681
1.050041397
1.057972050
1.061518614
1.051203113
1.051888551
1.049895280
1.059172151
1.051468244
1.053780370
1.051948529
1.055544039
1.049005912
1.056900619
1.057927714
1.048998536
1.046895761
1.045022876
1.054864819
1.042830149
1.049025945
1.059726916
1.051779875
1.047510263
1.049856605
1.049017702
1.055904007
1.054115760
1.035260426
1.045631157
1.039675020
1.048175996
1.052641101
1.046243390
1.040284781
1.050235544
1.046872021
1.048706857
1.069722564
1.053474544
1.039319495
1.046477165
1.056207274
1.058611706
1.035316513
1.043752795
1.054409121
1.037978220
1.045010580
1.042231630
1.041485590
1.032860013
1.041116628
1.051280854
1.041471494
1.061207529
1.055562131
1.031820689
1.043351520
1.057734120
1.056051275
1.038350393
1.034983650
1.047226170
1.049228600
1.037461350
1.049506474
1.038516970
1.037559397
