100000.000 0.100 226
0.000 0.000 100000.000 41318979084.877 20495598602.164 -471173238378.904 984000058085976991334400.000
0.000 0.000 0.000 62831984309.105 155907389387.363 28647331466.898 993000023395083699093504.000
100000.000 0.000 0.000 -23885375810.806 25870831141.826 17550479428.962 954000049014978392358912.000
100000.000 100000.000 0.000 -26149684251.815 -40307576945.121 21794211355.032 977000012299469917782016.000
0.000 100000.000 100000.000 22803175973.716 -12742778597.714 -61179049430.144 988999987294430308597760.000
100000.000 100000.000 100000.000 -21827858092.537 -8594789997.552 -27821615578.143 994999991669823287328768.000
0.000 100000.000 0.000 252505151898.088 -425072143395.576 172846462752.143 994999994467453851664384.000
15782.900 25665.764 63630.068 -164851.253 -247876.667 -363699.322 999999633864665726976.000
32935.776 31334.695 93910.347 329357.762 -136777.340 312808.232 999999083699336249344.000
100000.000 0.000 100000.000 -16402541746.541 82973288456.406 -27726268335.396 895000006492259388227584.000
36073.936 26018.005 59290.847 -61872.211 130466.554 197396.697 1000002014026744725504.000
82539.773 16440.232 100000.000 30387.297 -141252.924 -87160.725 1000001653607353679872.000
100000.000 98750.826 34733.237 -337101.138 41385.968 -11057.144 1000001514523079344128.000
0.000 85624.889 48433.413 509862.634 34123.313 159956.269 1000000562555551612928.000
0.000 0.000 23635.689 1370093.168 521413.973 118366.870 999998968261932744704.000
66023.018 75722.555 38134.070 -74835.908 -242774.454 189549.003 1000000307598340128768.000
0.000 11642.198 61029.122 432295.480 116421.977 -389708.778 1000000595603278004224.000
54268.370 70037.067 97785.988 -457316.302 349119.997 163553.261 999999629719689101312.000
64143.059 100000.000 0.000 -114195.558 -1864504.699 309111.920 999999877054739775488.000
71530.999 49895.712 97443.845 -284690.014 -2511.999 324986.541 1000000113573596758016.000
83452.462 49845.842 65068.580 92789.100 -25671.608 42814.901 1000000321111577985024.000
42991.344 82782.673 43851.020 210369.032 -84708.474 -561489.804 1000001003117550501888.000
100000.000 43636.698 100000.000 -13408663.842 -563633.018 -756689.164 1000000457782791897088.000
54223.844 86666.526 29492.112 89746.978 -133334.737 -140566.284 999999104256968622080.000
50199.007 35424.526 0.000 501990.072 354245.258 617938.650 1000000495140403412992.000
54671.844 49749.174 79346.163 -453281.559 497491.744 395613.821 1000000915897151913984.000
48329.428 73608.956 53782.880 241890.840 81622.278 400.744 1000000012828816310272.000
0.000 0.000 17869.949 1414275.884 736877.913 -410288.691 1000000301617963335680.000
20086.779 49732.213 0.000 -399194.524 248470.651 417396.650 1000001322420542767104.000
84997.127 72783.122 48385.860 -150028.732 363730.975 -8571.359 1000002265801993355264.000
100000.000 69827.087 84425.208 -84899.796 139071.418 42120.326 1000000288183259365376.000
0.000 89951.734 50010.213 1651681.839 95837.514 -499897.875 1000000480053727985664.000
53148.415 100000.000 64357.369 -117014.848 -203788.351 -1442.630 1000000683295829262336.000
19845.852 51549.398 58838.840 3913.596 -37873.179 294049.722 999999940987251720192.000
100000.000 13904.439 84081.789 -87790541.107 -215593.509 164598.301 999998848530004312064.000
0.000 36792.362 18678.149 316570.832 7580.701 -39586.565 1000000222181841960960.000
0.000 42476.833 65166.377 647052.220 424768.332 651663.771 999998723626275962880.000
0.000 55612.798 52895.453 389638.461 8595.852 264680.881 999999944260006576128.000
82315.843 55606.479 14245.730 61635.591 -146167.127 142457.300 1000001139287416635392.000
67512.242 69369.812 93924.798 45567.577 8631.620 -30804.299 999998865734392610816.000
67731.013 6282.788 39448.392 677310.126 62827.879 -49521.073 1000001899938372517888.000
10863.101 63338.663 38779.298 -38308.020 -57196.762 95533.754 999999472546655371264.000
15105.705 100000.000 28738.665 -82422.207 -227384.410 287386.654 1000000820689876549632.000
61795.514 65500.257 0.000 204411.205 -114455.739 165155.871 999999516171800412160.000
92377.149 33822.897 64445.678 384.953 -161050.787 214504.940 1000000853904444227584.000
9180.080 84031.791 0.000 -225719.075 420056.228 340969.642 999999347252775223296.000
0.000 100000.000 55616.130 525278.125 -211604.719 556161.301 1000001692801711865856.000
0.000 57540.961 100000.000 493574.231 286902.740 -337357.330 999999504319702761472.000
36887.111 42969.157 54233.531 -37973.624 -46455.616 -152853.776 1000001924748944474112.000
83537.923 100000.000 85220.759 56321.225 -324702.724 285570.064 1000000614622719246336.000
72514.507 98589.600 58650.377 91177.271 106625.925 117213.495 1000001039549392224256.000
48312.391 8897.143 27906.352 -71467.527 -34227.961 11647.418 999998755531033018368.000
68853.394 85945.029 68684.411 137829.707 139193.954 343420.410 1000000877740582633472.000
0.000 8622.854 65566.373 243354.950 -304670.851 130461.669 1000000003609862995968.000
3432.971 10639.011 17895.882 -105165.502 -44637.314 41281.943 1000000838566046203904.000
81350.721 22608.360 30976.249 -6288.904 -54108.139 -63234.428 999999393248022233088.000
63953.046 78834.736 42226.369 -65625.554 -211652.641 422263.686 999999161073106812928.000
54769.571 84291.677 83703.133 6283.363 -157083.231 120275.606 1000000921048316379136.000
19901.312 98207.633 49809.347 -62462.970 327880.651 498093.470 999999700686249394176.000
18136.352 41363.733 45465.239 -100309.248 83297.670 -57025.957 1000001404238808743936.000
74569.969 88320.909 80525.327 22420.364 76621.249 -194746.734 999998771294775672832.000
77916.162 32761.138 100000.000 128423.581 327611.376 -8984925.193 1000001990117215174656.000
95624.852 0.000 100000.000 956248.519 353835.884 -1388833.342 999999952403306643456.000
52553.290 96173.468 57110.349 259339.761 -19622.826 571103.491 999999896567385554944.000
29047.384 71682.885 85168.767 -5718.392 22274.488 -74563.990 1000000593265243324416.000
23697.441 81053.935 54775.734 -41239.137 -7818.177 -112127.968 999998890460549480448.000
0.000 55574.462 0.000 360654.545 184332.598 21468526.994 1000000972780437897216.000
100000.000 0.000 48158.262 -192936.908 103302.591 237260.210 1000001184709550276608.000
77241.111 32228.361 25935.997 124477.940 -169548.351 259359.966 1000000745460418347008.000
82073.916 65365.540 100000.000 205795.714 653655.403 -754601.893 1000000546401741176832.000
58395.307 56704.527 46921.532 82470.971 -32763.111 -265496.048 1000000761612062031872.000
7246.176 51181.705 19590.840 -16779.379 -68496.356 -54050.269 1000000437653531262976.000
59083.820 17382.678 66474.385 -100225.434 -12556.624 -64042.798 999998579766013722624.000
45310.414 53136.451 10623.050 226624.051 -14.526 -223692.857 999998145744911859712.000
4806.189 0.000 87726.014 -19814.832 247015.017 438004.875 999999471861373992960.000
34082.882 0.000 18583.817 340828.815 161440.367 -406252.861 1000000512633353273344.000
80880.375 43504.884 53640.254 -191196.254 217462.288 18756.246 1000000685532557737984.000
36431.019 25229.674 0.000 -635689.815 117548.496 462026.553 1000000751645404430336.000
1861.954 53596.479 25428.844 18619.542 87973.390 -100496.030 1000002402921981542400.000
31592.894 26463.450 100000.000 -227878.182 -182918.752 -120883.735 1000000281332535525376.000
41993.277 32947.627 39176.323 36010.505 329476.271 195616.815 1000001186440230469632.000
53600.611 54650.693 0.000 69287.127 273134.620 208580.467 1000000847343119761408.000
51984.959 68060.393 77398.381 -239923.938 -3075.638 48556.788 1000001439362993618944.000
91902.195 74056.924 67657.010 306770.068 57017.511 -323429.897 999998597120360972288.000
0.000 54219.485 63599.995 365983.877 -76085.706 83752.561 1000001003248425631744.000
35195.810 100000.000 58307.726 -648041.901 -313205.646 -202854.667 1000000851467356340224.000
100000.000 29059.903 70822.300 -797684.092 -235925.019 708222.996 999998335837350002688.000
82540.067 74150.994 100000.000 -35226.851 144788.775 -288232.841 999998737099004968960.000
80975.468 84386.107 42411.085 -45987.596 -156138.928 100111.609 999998704876365414400.000
100000.000 0.000 87437.036 -181957.066 347471.470 290652.618 1000001812046203060224.000
89757.907 52980.779 100000.000 77202.643 43392.249 -1198345.440 1000001169967951511552.000
0.000 59594.644 42696.325 239510.284 198666.699 -9144.372 999999492476620898304.000
43208.891 61026.603 0.000 -567911.086 -389733.973 1554095.159 999999141486745354240.000
40302.042 30758.898 56244.642 -199254.656 -76709.982 32426.682 999999475015555743744.000
29488.383 61280.508 30809.629 43088.409 -126636.866 308096.287 1000000707418577043456.000
39663.887 46809.189 0.000 -144684.212 -531908.111 461737.275 1000000201861865406464.000
56258.329 58532.848 67334.687 140429.949 -45148.361 -35496.872 1000000822583150510080.000
91022.329 78851.194 35787.357 87041.916 9169.389 118062.577 999998401736510013440.000
51534.255 0.000 39124.875 11141.561 603377.879 -152236.811 1000000807733714616320.000
100000.000 67208.558 13808.056 -244083.603 -163094.680 -146593.850 1000000172510532993024.000
23844.407 1795.691 64572.008 -108116.514 -327285.351 215291.805 999999212165337710592.000
47026.924 64001.566 17555.914 42626.195 -59898.923 175559.141 1000000845555202654208.000
14700.766 22574.055 32080.914 147007.662 -52394.659 -338472.073 1000001548800342884352.000
10556.764 49417.064 0.000 22726.508 -124450.321 144529.968 1000000901413567594496.000
72849.071 0.000 19131.830 48909.387 136643855.647 -135446.420 1000000670839334764544.000
19083.157 0.000 86071.987 -8841.056 132352.444 -25504.313 999999694581848735744.000
31896.816 79570.604 88148.934 1451.966 -204293.960 -6862.899 1000000741180089434112.000
0.000 15318.828 0.000 1051477.286 -846811.720 3357800.694 1000000057320593424384.000
97704.624 49009.829 42569.209 107810.558 10820.397 -48032.018 1000000939891096027136.000
72553.726 83126.799 98319.378 241816.639 165449.388 66930.789 999998892853019672576.000
70403.091 0.000 88583.093 704030.907 664134.806 69343.806 999998741486527053824.000
21145.509 0.000 3953.484 -393511.834 434392.701 -88650.862 999999231409597710336.000
86704.103 58200.143 40333.385 -67042.520 -68144.008 -79252.773 1000000399546181877760.000
61725.495 94648.727 60344.063 -125839.985 39047.989 -93585.918 999998923562812309504.000
69418.044 0.000 15417.315 53220.946 4451.471 3236.687 999998596105215541248.000
26764.591 64896.538 75870.063 267645.912 48054.910 -5928.006 999999053337376063488.000
95870.690 0.000 100000.000 -41293.095 389917.556 -1293650.875 999999951483694612480.000
68522.709 50084.351 86261.453 171316.390 13395.055 -69225.592 999998316037911216128.000
23438.757 85743.864 15949.682 40405.988 30730.433 159496.822 1000000388115588448256.000
61039.514 65294.649 79642.356 152170.509 -7285.372 398215.565 999998877563272298496.000
31486.442 2437.706 46903.123 157535.991 -123015.936 7587.651 1000000737060050567168.000
37928.760 100000.000 52396.945 -1027.412 -113532.092 261758.490 999998638543780708352.000
56642.327 60352.886 13578.810 -20303.237 -78769.675 14015.252 1000000218014400774144.000
10531.923 0.000 99476.915 -894680.765 921798.665 116036.051 1000002482261190115328.000
94774.103 58789.083 93576.796 76566.790 291796.414 935767.959 1000000925389570703360.000
51240.649 26434.440 61189.218 512406.493 -93781.515 -193452.645 1000001032785990123520.000
100000.000 64484.782 92188.049 -689356.758 644847.817 460799.468 1000000067564812632064.000
0.000 0.000 45274.904 644937.031 356436.255 -547250.962 1000000806422487760896.000
26146.152 8847.392 26588.124 82215.060 -65582.549 -734118.761 1000000032069081366528.000
75254.778 100000.000 0.000 -121736.331 -212874.662 436762.756 1000000715499689738240.000
100000.000 55473.217 44152.301 -726227.480 554732.167 441523.012 999999925357489946624.000
0.000 44552.652 58360.567 252202.143 -55792.657 26382.389 999999233054194270208.000
2069.639 81594.057 12446.171 -44100.878 204288.951 -88831.342 999999978275795501056.000
0.000 82056.989 19804.593 367658.499 -179430.111 -200432.650 999999284437027389440.000
73358.446 22090.667 28489.693 -180.558 -87074.571 -31014.496 999998004967218216960.000
100000.000 22733.835 100000.000 -159370.556 25397.514 -388263.279 1000000499029000585216.000
0.000 17022.784 52717.546 421524.808 -114965.392 263045.104 1000000965735234797568.000
61136.704 53055.449 0.000 611367.042 74429.734 546999.135 999998803094208774144.000
83398.137 27872.066 100000.000 -28877.412 -144660.677 -182500.259 1000000851499625480192.000
9884.749 31163.148 78346.029 -450012.184 -688368.519 -216539.714 999999473981078765568.000
10163.700 90182.010 47403.562 22485.402 9489.178 -170501.544 999999727475611926528.000
17953.764 92715.470 0.000 1543.742 -36816.147 252106.224 1000001498941091610624.000
18904.254 75134.650 49501.877 61198.643 -248653.499 158103.535 1000000520007276560384.000
46637.331 0.000 29633.158 466373.308 506209.698 17882.618 1000000940873050488832.000
93801.557 6870.723 100000.000 190003.587 -156950.124 -154863.647 999999958227894534144.000
85946.889 66791.392 60426.753 -70491.576 130591.344 -197808.451 1000001818555740192768.000
70087.188 40668.490 9838.338 -99442.935 203367.636 -299836.524 1000000835863383769088.000
65565.999 75656.327 69760.784 -85009.019 14674.979 -48087.519 999999374594847408128.000
0.000 27825.544 7872.509 717084.748 278255.438 -185716.786 999999774434365800448.000
100000.000 27881.210 0.000 -1023250.948 278812.097 642136.058 999999927912903999488.000
38848.758 23.030 71168.745 31995.423 -499923.806 4222.932 999999383378294079488.000
19012.730 32170.498 28773.092 -404862.596 -43656.832 -58553.049 999999008640482672640.000
15167.361 38522.663 38035.005 75554.058 385226.627 89538.415 999999466003834732544.000
100000.000 100000.000 52875.303 -459997.747 -624132.708 528753.025 1000000198634484400128.000
73545.457 31349.680 66291.381 122312.548 38729.348 -168629.128 999999905441602600960.000
100000.000 93615.031 56536.692 -165078.885 468017.402 -70886.695 1000000032854223355904.000
46869.379 98011.175 67901.975 7047.183 326806.656 -320980.250 1000001993328009150464.000
93857.427 48684.573 33287.331 83391.196 161119.400 64597.731 1000000351220431192064.000
0.000 51758.982 79543.805 453987.903 -482410.184 132294.860 999998970151101005824.000
64188.163 0.000 35840.947 -70517.086 270014.482 -320279.079 1000002179842063597568.000
43463.621 6352.959 24462.435 -282372.215 -310986.424 122592.536 1000001125208064000000.000
66461.633 48252.948 18592.306 -335383.674 36585.078 -18742.799 999999558262170189824.000
99688.463 0.000 0.000 333361.698 246788.556 423695.239 999998082367172640768.000
90902.598 90454.724 64834.924 -90974.024 181746.740 53029.791 999999557423066906624.000
4983.370 21850.132 20990.695 -159999.240 -390339.938 105297.017 999998742722168225792.000
30401.168 69688.668 56195.336 -82187.543 696886.679 -438046.645 999999956190645059584.000
35672.476 100000.000 39928.386 -643275.242 -404890.109 -144101.729 1000000734996407910400.000
56014.223 100000.000 100000.000 560142.233 -1372647.221 -541641.821 1000000871480871616512.000
15301.417 100000.000 88655.925 -33070.254 -368101.692 -113440.753 1000001080115656130560.000
98624.328 0.000 22812.211 41490.692 413427.377 -385153.810 1000000387881445359616.000
17426.301 49282.182 26534.086 -28510.013 -49248.441 132963.287 999999256872995258368.000
100000.000 2562.809 36465.703 -55168.684 -195413.562 89193.469 1000001496729854541824.000
21045.446 12579.477 100000.000 210454.457 -221102.982 -480342.630 999999742860222529536.000
100000.000 60996.446 0.000 -448046.795 -390035.537 141726.067 999999053812973436928.000
32712.492 29904.090 38240.913 -167265.970 58018.541 53513.500 1000001268878120583168.000
93483.348 0.000 33394.521 467104.228 493221.477 333945.208 999999504524563578880.000
41687.953 15087.804 63401.565 33226.811 32125.643 26712.300 1000000264857204686848.000
92891.176 20023.797 0.000 158408.402 64845.759 487028.307 999999912598763208704.000
100000.000 100000.000 86507.248 -792432.865 -239361.964 865072.477 1000001037830269566976.000
9482.951 99606.240 97886.361 -30863.867 137383.779 -2545.617 1000001008145687248896.000
33582.928 0.000 100000.000 -83628.476 270971.913 -108792.829 1000001316427496554496.000
57861.553 0.000 33770.132 578615.534 571510.393 -73442.498 999999199102267424768.000
62543.882 61991.788 58301.781 -187290.648 201794.855 -208467.242 999999644786994577408.000
61243.100 99236.902 32515.831 -38966.632 141449.695 -34400.905 1000000566912560398336.000
92613.980 95897.511 84623.612 48230.647 243086.165 -153763.876 999997433720048975872.000
89405.507 26904.375 26705.660 -53336.231 -70211.538 133278.986 999998409446450003968.000
40699.065 71580.379 81962.725 -39981.469 9152.786 54198.761 999999380250636582912.000
73471.294 335.792 63395.828 -41228.859 -66069.686 -55656.656 1000001070421730656256.000
100000.000 100000.000 18117.319 -762663.301 -475989.632 -818826.807 999999574478539194368.000
45052.978 62611.183 0.000 -274478.509 38482.838 99200.922 1000000294148836294656.000
5359.691 100000.000 49751.786 -3427.065 -102487.760 -502482.136 1000001637040185409536.000
49101.339 35580.291 12401.897 34120.167 10743.001 124018.972 1000001505897210183680.000
18361.852 60110.220 7237.023 91774.143 -198474.503 -171340.117 999998193854852497408.000
0.000 58950.634 19327.001 69856.573 291791.408 193270.010 1000001717424212148224.000
58244.956 95241.426 33634.809 93533.259 41064.541 84029.662 1000000307300409409536.000
82583.873 0.000 11494.139 -38036.119 2843787608.988 -442063.512 999999905964764168192.000
17670.282 84231.786 97237.379 -16404.235 50822.873 -7969.245 1000000286985898950656.000
62297.574 8075.048 96472.925 -28852.639 -184321.104 76599.540 999999244166673989632.000
64963.152 0.000 58796.406 88589.702 485957.992 146852.488 999999364008824668160.000
76514.856 59927.886 42701.696 9564.924 -400721.136 -22056.759 999999695014161285120.000
57878.266 0.000 88375.550 -5051.903 84671.368 -39566.919 1000000264755199868928.000
2471.160 78829.140 69840.165 -104082.094 99423.073 -50354.082 1000000346249121234944.000
72734.551 0.000 81814.566 -87605.666 313578.980 -2832.489 999999530740408778752.000
36081.304 100000.000 0.000 179742.641 -720506.159 468983.060 1000000351266120138752.000
27452.756 19550.296 59314.259 6937.861 195502.960 -40680.061 999999773868327305216.000
30457.140 100000.000 12687.113 -229548.540 -782179.991 -873128.872 999998801275635105792.000
100000.000 100000.000 39722.820 -1070105.571 -869131.443 -195760.048 1000000627898926366720.000
44525.761 67098.368 23298.414 -10149.939 134037.979 -767015.863 999999093335928209408.000
19817.661 40096.586 49358.272 64788.255 -599034.142 -250534.317 1000001302197309276160.000
22032.305 62614.825 58852.650 -389300.956 -373851.747 294019.682 999999403267899392000.000
72927.528 96473.755 53618.640 39980.127 137725.273 133863.866 999998978704630743040.000
0.000 69121.843 0.000 491376.477 -308781.567 153515.706 999999963271058554880.000
59238.570 54138.608 34488.486 -58353.083 -92036.636 -49698.016 1000000152969890234368.000
92569.237 88800.677 93134.532 26082.245 -111993.225 13616.307 1000000862628624990208.000
19573.884 52228.848 73518.328 -10314.383 -13560.018 53133.648 1000001362889988374528.000
59597.432 0.000 73131.735 595974.321 552126.541 146713.081 999998608968214511616.000
70919.640 72048.821 55677.723 -97284.425 20854.472 -61551.863 1000001963620288299008.000
70173.303 70192.400 92160.690 -298266.972 67486.723 -78393.105 1000001029576353775616.000
33818.752 89843.692 77042.839 112350.095 222920.623 -114871.944 1000000323298728083456.000
40451.670 28220.267 28589.469 -25717.110 -103331.138 285894.693 999998759090548899840.000
46316.901 34548.778 3398.404 -52601.122 -163407.151 33984.036 1000000529977253036032.000
0.000 0.000 61267.775 2784227.809 535278.923 612677.748 1000000773741082705920.000
43303.320 100000.000 50777.691 -111829.567 -280092.616 -246033.569 999999878812917170176.000
100000.000 61973.306 89199.498 -405406.207 -380266.939 -108005.019 999999546477179568128.000
69509.033 0.000 58274.195 231055.787 627782.232 582741.953 1000000587016052670464.000
87424.227 28122.407 28313.269 94330.000 92035.406 140845.584 1000000260899914776576.000
